$ANSIBLE_VAULT;1.1;AES256
66386439346438306463363263363834656361333165346239613533613837623862353136626663
6439306638653439336238353761623965366533313663340a363437323466626436333933363637
34303335653165376230666335313833306137633538346232323831613962383637336536663665
3532343065383966320a383334313236386631383461343030656430316365643566396131376536
65663132346537393735666231643531613137303339656239616234383732323735356161306635
65343232613438333563633163323937386263393539626638333633333438306336633539616233
33396233303534333464656431643966636566333730653732636165653630346135323038666366
30353466643736653336396130633738616364333761306336666137306664633961613332646164
66663466376265636537383265356234663235356562303032393231656430363438346636663434
31336238636534626630336231343139643832646562353862383733303566653435663835333330
39356263316566383935393333656437303864393464376266376436306265303538363238646564
30393336396634363634323261656637643062336536616261663966383563346462636530346164
61636364356435356338383436353764616631313262353239396535613933643465656362396333
39303062346266626338633338303563376366316361326562303136643637643436363730363662
65393135343635316139623365323036623863376465366239323463313237393938316461626135
62626464306433393333393234333162333466346338313231316535373437386239363765346233
63643137623136323163383735383630333333323731306237383365623132356465393662303263
63356430353061366636666537633436353537326434333961666636663238616566353936333561
63303562383863376234316539336463646464326565653636303537643637303539373934353664
39343666383331643837386131313162396233353939373263373065326238353961613066303761
32346266303962613665366362393731653835623634633563613362633664663238353437313537
33666466653836373165646433383366333139303762636161326532356330643933376634326437
61643830623636626637363662643637303038633632303934613565396461383766643038343234
63363662356365643366
